     VBase: 17.485746
     Ibase: 2.3701733e-006
     eBase: 8345.0815
       eps: 9.9714335e-009
