if converge? 1 
x[0]=0 x[1]=-9.42857 x[2]=4.28571 x[3]=0 
min(f)=-26.5714
